-1.5297
-1.4888
-1.4651
-1.4521
-1.4539
-1.3963
-1.3259
-1.2935
-1.3143
-1.2422
-1.2661
-1.1888
-1.2262
-1.1329
-1.1293
-1.0676
-0.9965
-1.0459
-0.9762
-0.8923
-0.9240
-0.8262
-0.8123
-0.8146
-0.7810
-0.7358
-0.7480
-0.6716
-0.7164
-0.5909
-0.6511
-0.5693
-0.5544
-0.5042
-0.4785
-0.4283
-0.3910
-0.3586
-0.3610
-0.3191
-0.2491
-0.1890
-0.1736
-0.1861
-0.1494
-0.1345
-0.0994
-0.1087
-0.0309
0.0007
0.0766
0.0369
0.0743
0.1292
0.1769
0.1743
0.2045
0.2364
0.2706
0.3676
0.3930
0.4082
0.3873
0.4883
0.5274
0.5662
0.5746
0.5615
0.6158
0.7038
0.6505
0.7800
0.7153
0.7720
0.8433
0.8290
0.8646
0.8408
0.8866
0.9161
1.0286
1.0412
1.0726
1.0392
1.1209
1.1287
1.1396
1.2330
1.3087
1.2137
1.3281
1.3043
1.4169
1.3920
1.4384
1.5138
1.5156
1.5467
1.5597
1.5517