28.0000
27.2801
26.5748
25.8843
25.2084
24.5473
23.9008
23.2691
22.6520
 2.0000
21.4619
20.8889
20.3306
19.7870
19.2580
18.7438
18.2443
17.7594
17.2893
16.8338
16.3930
15.9669
15.5556
15.1589
14.7769
14.4096
14.0569
13.7190
13.3958
20.0000
12.7934
12.5142
12.2498
12.0000
11.7649
11.5445
11.3388
11.1478
10.9715
10.8099
10.6630
10.5308
10.4132
10.3104
 3.5000
 3.5000
 3.5000
 3.5000
 3.5000
 3.5096
 3.4723
 3.4830
 3.5443
 3.4970
 3.4735
10.2222
10.3104
10.4132
10.5308
10.6630
10.8099
10.9715
11.1478
11.3388
11.5445
11.7649
12.0000
12.2498
12.5142
 2.0000
13.0872
13.3958
13.7190
14.0569
14.4096
14.7769
15.1589
15.5556
15.9669
16.3930
16.8338
17.2893
17.7594
18.2443
18.7438
19.2580
19.7870
20.3306
20.8889
 2.0000
22.0496
22.6520
23.2691
23.9008
24.5473
25.2084
25.8843
26.5748
27.2801
28.0000